[100,200,500,700, 1000, 5000, 10000]

[0.0, 2.5, 7.000000000000001, 5.714285714285714, 4.5, 9.1, 6.001304631441617]
[20.0, 15.0, 11.0, 12.142857142857142, 8.5, 9.0, 9.1]
[0.0, 0.0, 0.0, 0.0, 0.0, 0.0, 0.0]

[100, 200, 300, 400, 500, 700, 2500, 5000, 7500, 10000]
[2.0, 2.75, 3.166666666666667, 5.125, 5.5, 6.571428571428571, 9.080000000000002, 8.75, 9.080000000000002, 5.999803441194361]
[10.0, 7.5, 15.0, 8.75, 13.0, 11.428571428571429, 8.799999999999999, 10.0, 9.733333333333333, 9.5]
[0.0, 0.0, 0.0, 0.0, 0.0, 0.0, 0.0, 0.0, 0.0, 0.0]

100, 200, 300, 400, 500, 700, 800, 1000, 2500, 5000, 7500, 10000
0 12 0.99 0.0
0 24 0.995 0.0
0 33 0.9966666666666667 0.0
0 42 0.9975 0.0
0 55 0.998 0.0
0 70 0.9985714285714286 0.0
0 89 0.99875 0.0
0 93 0.999 0.0
0 236 0.9996 0.0
0 518 0.9998 0.0
0 748 0.9998666666666667 0.0
0 1015 0.9999 0.0